
[검색조건]
지점명 : 광주, 기간 : 20200101 ~ 20240305
일자,기온(°C),풍속(km/h),체감온도(°C)
2020-01-01,-4.8,14.8,-10.3
2020-01-02,1.4,4.7,0.1
2020-01-03,1.9,6.1,0.1
2020-01-04,-1,4.7,-2.6
2020-01-05,1,4.7,-0.3
2020-01-06,5.1,9.7,2.8
2020-01-08,5.5,18.4,1.9
2020-01-09,1.1,10.4,-2.1
2020-01-10,-0.7,10.4,-4.3
2020-01-11,-0.1,6.5,-2.3
2020-01-12,2.3,7.6,0.1
2020-01-13,-0.2,13.7,-4.4
2020-01-14,-0.1,15.8,-4.7
2020-01-15,0.3,14.8,-4
2020-01-16,-1.1,15.5,-5.9
2020-01-17,0.9,9.4,-2.1
2020-01-18,-1.5,4.7,-3.1
2020-01-19,0.1,6.1,-1.9
2020-01-20,2.8,11.9,-0.4
2020-01-21,-1.4,12.2,-5.5
2020-01-22,3.3,5,2.2
2020-01-23,6.6,11.9,4.2
2020-01-24,2.7,9.7,0
2020-01-25,7.5,5,6.9
2020-01-26,8.6,14,6.3
2020-01-27,6.6,18,3.3
2020-01-28,6.9,10.1,4.9
2020-01-29,5.9,8.6,4
2020-01-30,3.7,6.1,2.2
2020-02-01,4.5,5,3.5
2020-02-02,3.2,4.7,2.2
2020-02-03,-1.3,6.1,-3.6
2020-02-04,-3,9,-6.6
2020-02-05,-5.3,13.7,-10.7
2020-02-06,-7,13,-12.6
2020-02-07,2.3,10.4,-0.7
2020-02-08,0.7,6.5,-1.4
2020-02-09,-0.9,8.3,-3.9
2020-02-10,0.4,4.7,-1
2020-02-11,0.4,5.4,-1.3
2020-02-12,8.2,12.6,6
2020-02-13,6.5,5,5.8
2020-02-14,4.7,5.4,3.6
2020-02-15,7.7,8.3,6.2
2020-02-16,-0.9,11.5,-4.8
2020-02-17,-3.7,12.6,-8.4
2020-02-18,-2.5,5,-4.4
2020-02-19,-2,7.9,-5.1
2020-02-20,3.9,7.9,1.9
2020-02-21,3.1,4.7,2.1
2020-02-22,3.6,7.6,1.6
2020-02-23,0.8,5.4,-0.9
2020-02-24,1.1,6.1,-0.8
2020-02-25,9.9,5,9.6
2020-02-26,4,5.4,2.8
2020-02-27,2.1,8.3,-0.4
2020-02-28,5.3,8.3,3.4
2020-03-01,3.9,7.9,1.9
2020-03-02,3.3,9.7,0.7
2020-03-03,3,10.4,0.2
2020-03-04,0.3,11.9,-3.4
2020-03-05,1.6,13,-2.1
2020-03-06,-1.6,5.4,-3.6
2020-03-07,3.4,8.6,1.1
2020-03-08,3.4,11.2,0.5
2020-03-09,5.6,5.8,4.5
2020-03-10,4.7,6.5,3.2
2020-03-11,3.4,8.3,1.2
2020-03-12,-0.4,4.7,-1.9
2020-03-13,3.9,7.9,1.9
2020-03-14,0.5,8.6,-2.3
2020-03-15,2.7,14.8,-1.1
2020-03-16,0.5,7.2,-1.9
2020-03-17,3.8,5.8,2.4
2020-03-18,6,5.8,4.9
2020-03-19,7.7,12.2,5.5
2020-03-20,6.5,5,5.8
2020-03-21,7,5.4,6.2
2020-03-22,9,7.9,7.9
2020-03-23,5.7,6.8,4.3
2020-03-24,5.1,5,4.2
2020-03-27,5.3,14.8,2.1
2020-03-28,5,12.6,2.1
2020-03-29,2.4,5,1.1
2020-03-30,9.1,5.8,8.5
2020-04-01,7.1,10.8,5
2020-04-02,8,5,7.5
2020-04-03,5.6,7.2,4.1
2020-04-04,5.8,11.5,3.3
2020-04-05,3,6.1,1.4
2020-04-06,1.7,5,0.3
2020-04-07,9,4.7,8.7
2020-04-08,8.6,6.8,7.6
2020-04-09,9.5,7.2,8.6
2020-04-10,8.4,13,6.2
2020-04-11,6,11.2,3.6
2020-04-12,5.7,8.3,3.9
2020-04-13,5.5,9.4,3.4
2020-04-14,6.4,4.7,5.8
2020-04-15,6.6,4.7,6
2020-04-16,7.6,5,7
2020-04-17,10,7.2,9.2
2020-04-18,9.9,8.3,8.8
2020-04-19,10,15.1,7.9
2020-04-20,9.4,7.9,8.3
2020-04-21,6.9,10.1,4.9
2020-04-22,6.7,10.8,4.5
2020-04-23,5.4,6.1,4.2
2020-04-24,6.7,4.7,6.1
2020-04-25,9.3,5.4,8.8
2020-04-26,8,5.8,7.2
2020-04-27,9.7,9.4,8.4
2020-04-28,6.4,4.7,5.8
2020-10-19,10,6.5,9.3
2020-10-23,10,6.5,9.3
2020-10-24,9.1,5,8.7
2020-10-25,7.4,5,6.8
2020-10-29,7.5,9,5.8
2020-10-30,9.1,5.4,8.6
2020-11-03,5.5,5,4.7
2020-11-04,4.9,11.2,2.3
2020-11-05,2.5,5,1.2
2020-11-08,8.5,9,7
2020-11-09,4.2,8.6,2
2020-11-10,7.2,5,6.6
2020-11-11,6,4.7,5.3
2020-11-15,9.5,6.5,8.8
2020-11-16,8,7.2,6.8
2020-11-20,7.4,13,5
2020-11-21,2.9,8.6,0.5
2020-11-22,6.9,9.7,5
2020-11-23,2.8,10.1,0
2020-11-24,3.1,10.8,0.2
2020-11-25,2.9,7.2,0.9
2020-11-26,6.9,10.4,4.8
2020-11-27,5.9,8.6,4
2020-11-28,3.6,9,1.2
2020-11-29,2.9,9.4,0.3
2020-12-01,-0.3,11.2,-4
2020-12-02,1.1,8.6,-1.6
2020-12-03,1.9,10.1,-1.1
2020-12-04,-0.1,11.2,-3.7
2020-12-05,-0.6,6.5,-2.9
2020-12-06,-0.2,2.9,-0.6
2020-12-07,0.7,11.2,-2.8
2020-12-08,0.2,8.6,-2.7
2020-12-09,-1.7,6.5,-4.2
2020-12-10,3.9,5.8,2.5
2020-12-11,3.5,6.5,1.8
2020-12-12,4.9,12.2,2.1
2020-12-13,1.1,15.1,-3.1
2020-12-14,-3.9,13,-8.8
2020-12-15,-5.6,15.8,-11.5
2020-12-16,-4.7,10.1,-9
2020-12-17,-4.5,9.4,-8.5
2020-12-18,-2.2,9.4,-5.8
2020-12-19,-3.8,11.9,-8.4
2020-12-20,-2,12.6,-6.4
2020-12-21,-2.9,4.7,-4.7
2020-12-22,-1.5,5,-3.3
2020-12-23,-1.2,3.2,-1.9
2020-12-24,2.7,6.8,0.8
2020-12-25,-0.1,6.8,-2.4
2020-12-26,-1.1,4.3,-2.5
2020-12-27,4.1,7.6,2.2
2020-12-28,0.7,4.3,-0.5
2020-12-29,-0.4,10.8,-4
2020-12-30,-7.7,9.7,-12.4
2020-12-31,-8.7,13,-14.6
2021-01-01,-5,5.8,-7.7
2021-01-02,-3.1,10.4,-7.1
2021-01-03,-3.3,14.8,-8.4
2021-01-04,-3.6,9.4,-7.4
2021-01-05,-3.8,10.4,-8
2021-01-06,-5.2,11.5,-10
2021-01-07,-11.4,10.1,-17
2021-01-08,-13.5,16.6,-21.5
2021-01-09,-10.8,15.5,-17.9
2021-01-10,-10.6,5.4,-13.9
2021-01-11,-4.7,4.7,-6.8
2021-01-12,-4.3,4,-5.9
2021-01-13,-2.1,4,-3.4
2021-01-14,1,5.4,-0.6
2021-01-15,3.7,9.4,1.2
2021-01-16,-2.1,18.4,-7.6
2021-01-17,-4.7,13,-9.7
2021-01-18,-0.7,11.9,-4.6
2021-01-19,-4.6,11.2,-9.2
2021-01-20,-3,5.8,-5.4
2021-01-21,4.6,8.3,2.6
2021-01-22,7.8,4.3,7.5
2021-01-23,7.9,12.2,5.7
2021-01-24,6.2,11.2,3.9
2021-01-25,5.1,9.7,2.8
2021-01-26,4.6,9,2.4
2021-01-27,2.4,16.9,-1.8
2021-01-28,-3.8,12.2,-8.5
2021-01-29,-6.1,13,-11.5
2021-01-30,-4.8,5.4,-7.2
2021-01-31,-0.5,8.6,-3.5
2021-02-01,4.9,16.2,1.4
2021-02-02,-1.5,17.3,-6.7
2021-02-03,-4.6,15.5,-10.2
2021-02-04,-1.3,5.4,-3.3
2021-02-05,-2.7,7.6,-5.8
2021-02-06,0,4,-1.1
2021-02-07,2.5,9,-0.1
2021-02-08,-0.7,12.6,-4.8
2021-02-09,-3.4,13,-8.2
2021-02-10,-2.2,4.7,-3.9
2021-02-11,1.2,10.8,-2.1
2021-02-12,4,5.8,2.6
2021-02-13,1.9,3.2,1.5
2021-02-14,6.5,5,5.8
2021-02-15,0.2,14.8,-4.1
2021-02-16,-3,9.7,-6.8
2021-02-17,-5,15.1,-10.6
2021-02-18,-4,16.2,-9.6
2021-02-19,-1.6,4,-2.9
2021-02-20,5.8,5.4,4.8
2021-02-21,6,3.6,5.8
2021-02-22,3.6,9.7,1.1
2021-02-23,-0.4,13.3,-4.6
2021-02-24,0.3,9.7,-2.9
2021-02-25,5,19.8,1.1
2021-02-26,5.3,19.1,1.6
2021-02-27,4.5,17.6,0.7
2021-02-28,6.1,11.5,3.7
2021-03-01,5.8,14,2.9
2021-03-02,1.4,7.6,-1
2021-03-03,0.4,6.1,-1.6
2021-03-04,4.5,8.3,2.5
2021-03-05,6.5,12.2,4
2021-03-06,5.8,5,5
2021-03-07,6,6.5,4.7
2021-03-08,5,8.3,3.1
2021-03-09,6,7.9,4.3
2021-03-10,3.5,7.9,1.4
2021-03-11,5.7,2.5,6.1
2021-03-12,8.2,14.8,5.7
2021-03-13,6.6,8.3,4.9
2021-03-14,4.5,2.5,4.8
2021-03-15,5.3,2.5,5.7
2021-03-16,5,6.1,3.7
2021-03-17,2.8,5.4,1.4
2021-03-18,5,4.7,4.2
2021-03-19,9.3,3.6,9.5
2021-03-20,7.1,9.4,5.3
2021-03-21,5.3,11.9,2.6
2021-03-22,4.7,10.1,2.3
2021-03-23,3.8,4.3,3
2021-03-24,6.4,4.3,5.9
2021-03-25,6.7,2.2,7.4
2021-03-26,5.8,3.2,5.8
2021-03-27,,,
2021-03-28,,,
2021-03-29,,,
2021-03-30,8.9,7.6,7.8
2021-03-31,7.4,2.2,8.1
2021-04-01,,,
2021-04-02,,,
2021-04-03,,,
2021-04-04,10,8.3,8.9
2021-04-05,8.4,10.4,6.6
2021-04-06,8.2,2.9,8.6
2021-04-07,7.9,2.2,8.7
2021-04-08,9.5,7.9,8.4
2021-04-09,7.2,4,7
2021-04-10,7.8,4.3,7.5
2021-04-11,8.7,5.8,8
2021-04-12,,,
2021-04-13,6.1,8.6,4.3
2021-04-14,5.4,10.1,3.1
2021-04-15,3.7,5.4,2.4
2021-04-16,9.2,4.7,8.9
2021-04-17,7.9,6.1,7
2021-04-18,8.2,7.6,7
2021-04-19,5.6,3.6,5.4
2021-04-20,6.4,2.5,6.9
2021-04-21,,,
2021-04-22,,,
2021-04-23,,,
2021-04-24,,,
2021-04-25,,,
2021-04-26,,,
2021-04-27,,,
2021-04-28,,,
2021-04-29,,,
2021-04-30,,,
2021-10-01,,,
2021-10-02,,,
2021-10-03,,,
2021-10-04,,,
2021-10-05,,,
2021-10-06,,,
2021-10-07,,,
2021-10-08,,,
2021-10-09,,,
2021-10-10,,,
2021-10-11,,,
2021-10-12,,,
2021-10-13,,,
2021-10-14,,,
2021-10-15,,,
2021-10-16,9,24.1,5.7
2021-10-17,4.7,20.5,0.6
2021-10-18,3.9,10.1,1.3
2021-10-19,9.6,10.8,8
2021-10-20,6.9,10.4,4.8
2021-10-21,6.5,2.5,7
2021-10-22,6.4,5,5.7
2021-10-23,6.6,2.5,7.1
2021-10-24,7.3,2.5,7.8
2021-10-25,8.1,4.7,7.7
2021-10-26,7.8,3.2,8
2021-10-27,,,
2021-10-28,7.7,2.9,8
2021-10-29,9.2,4,9.2
2021-10-30,,,
2021-10-31,9.2,2.2,10.1
2021-11-01,,,
2021-11-02,9.3,5.8,8.7
2021-11-03,6.9,4.7,6.3
2021-11-04,8.5,3.6,8.6
2021-11-05,9.2,4.3,9.1
2021-11-06,,,
2021-11-07,,,
2021-11-08,8.1,10.1,6.3
2021-11-09,7.6,17.6,4.6
2021-11-10,6.1,26.3,1.8
2021-11-11,5.3,7.6,3.6
2021-11-12,4.4,5,3.4
2021-11-13,5.1,4.7,4.3
2021-11-15,9.9,4.7,9.7
2021-11-16,8.2,5,7.7
2021-11-17,9.4,6.1,8.8
2021-11-21,8,4.7,7.6
2021-11-22,5.1,9.7,2.8
2021-11-23,2.3,9,-0.3
2021-11-24,4.3,6.1,2.9
2021-11-25,6.9,5,6.2
2021-11-26,3.3,5.8,1.8
2021-11-27,3,6.8,1.1
2021-11-28,1.8,4.7,0.6
2021-11-29,8.8,6.5,8
2021-12-01,0.3,9.4,-2.8
2021-12-02,0.4,9.4,-2.7
2021-12-03,4.7,9.4,2.4
2021-12-04,1.4,7.9,-1.1
2021-12-05,2.2,5,0.9
2021-12-06,8,5,7.5
2021-12-07,6,4.7,5.3
2021-12-08,8.5,5.4,7.9
2021-12-09,3.6,4.7,2.6
2021-12-10,7.4,5.8,6.5
2021-12-11,7.3,4.7,6.8
2021-12-12,2.4,17.6,-1.9
2021-12-13,-1,13.3,-5.3
2021-12-14,-2.1,4.7,-3.8
2021-12-15,7.1,4.7,6.6
2021-12-16,5.6,4.7,4.9
2021-12-17,-4.9,9.7,-9.1
2021-12-18,-7.6,12.2,-13.1
2021-12-19,0.8,6.8,-1.4
2021-12-20,7.3,4.7,6.8
2021-12-21,5.8,8.6,3.9
2021-12-22,4.6,5,3.6
2021-12-23,7.3,7.2,6
2021-12-24,0.8,13.7,-3.2
2021-12-25,-6.3,13.7,-11.9
2021-12-26,-8.1,12.2,-13.7
2021-12-27,-7.3,10.4,-12.2
2021-12-28,4.7,4.7,3.9
2021-12-29,3.8,7.6,1.8
2021-12-30,0,14.8,-4.4
2022-01-01,-4.8,11.5,-9.5
2022-01-02,-3.7,5.4,-6
2022-01-03,-1.8,5.8,-4
2022-01-04,-0.4,7.9,-3.2
2022-01-05,-0.8,11.5,-4.7
2022-01-06,-0.6,9.4,-3.9
2022-01-07,-0.7,6.1,-2.9
2022-01-08,1.3,4.7,0
2022-01-09,0.6,5,-0.9
2022-01-10,3.2,5.4,1.9
2022-01-11,-3,11.9,-7.4
2022-01-12,-5.7,13.7,-11.1
2022-01-13,-3.4,11.9,-7.9
2022-01-14,-4.1,13.7,-9.2
2022-01-15,-2.2,4.7,-3.9
2022-01-16,-0.9,7.9,-3.8
2022-01-17,-2.7,9,-6.2
2022-01-18,-5.2,12.6,-10.3
2022-01-19,-4.2,4.7,-6.2
2022-01-20,-6.3,10.4,-11
2022-01-21,-3.1,5.8,-5.5
2022-01-22,3.1,5.4,1.8
2022-01-23,4.7,5.4,3.6
2022-01-24,6.9,8.6,5.2
2022-01-25,4.6,6.5,3.1
2022-01-26,2.2,8.3,-0.2
2022-01-27,-0.4,8.3,-3.3
2022-01-28,-1.4,6.8,-4
2022-01-29,-1.3,10.8,-5.1
2022-01-30,-1.7,8.3,-4.8
2022-02-01,1.3,10.8,-2
2022-02-02,-1.8,9.4,-5.3
2022-02-03,-1.8,8.6,-5
2022-02-04,-3.1,7.6,-6.2
2022-02-05,-4.1,9.7,-8.1
2022-02-06,-5,6.5,-8
2022-02-07,-2.5,14.8,-7.5
2022-02-08,-2.4,7.9,-5.5
2022-02-09,-2.2,4.7,-3.9
2022-02-10,2.4,6.1,0.7
2022-02-11,0.7,6.1,-1.3
2022-02-12,2.2,6.5,0.3
2022-02-13,4.6,5.4,3.5
2022-02-14,2.8,7.6,0.7
2022-02-15,-2.8,9.7,-6.6
2022-02-16,-4.4,13,-9.4
2022-02-17,-7.7,7.9,-11.7
2022-02-18,-5.4,8.6,-9.3
2022-02-19,-1.1,12.2,-5.2
2022-02-20,-4,14.4,-9.2
2022-02-21,-0.6,4.7,-2.1
2022-02-22,-2.3,11.2,-6.4
2022-02-23,-4.8,12.6,-9.8
2022-02-24,-4.8,7.6,-8.2
2022-02-25,3.1,5.4,1.8
2022-02-26,4.5,11.9,1.7
2022-02-27,3.7,10.4,1
2022-03-01,2.6,7.2,0.6
2022-03-02,0.5,4.7,-0.9
2022-03-03,5.1,7.2,3.5
2022-03-04,6,4.7,5.3
2022-03-05,2.5,10.1,-0.4
2022-03-06,1,11.2,-2.4
2022-03-07,-0.5,7.9,-3.3
2022-03-08,2.5,4.7,1.4
2022-03-09,9.1,7.2,8.1
2022-03-14,6.5,6.1,5.4
2022-03-15,3.7,7.9,1.6
2022-03-16,7.9,5,7.4
2022-03-17,8.4,11.9,6.4
2022-03-18,7.4,12.2,5.1
2022-03-19,4.9,17.6,1.2
2022-03-20,3.2,7.2,1.3
2022-03-21,1.9,9.7,-1
2022-03-22,3.8,7.9,1.8
2022-03-23,5.7,6.5,4.4
2022-03-25,8.6,5,8.2
2022-03-26,7,7.2,5.7
2022-03-27,4.4,10.1,1.9
2022-03-28,3.6,7.2,1.7
2022-03-30,8.3,6.1,7.5
2022-04-01,8.1,4.7,7.7
2022-04-02,5.1,6.8,3.6
2022-04-03,3.4,5.4,2.1
2022-04-04,8,4.7,7.6
2022-04-05,3.4,5.8,2
2022-04-06,5.9,1.8,6.9
2022-04-07,7.2,9.4,5.4
2022-04-08,6.5,4.7,5.9
2022-04-17,5.9,5.4,5
2022-04-19,9.9,4.7,9.7
2022-10-12,9,4.7,8.7
2022-10-18,7.4,5,6.8
2022-10-19,8.9,4.7,8.6
2022-10-20,9.9,5.8,9.4
2022-10-21,9.1,3.6,9.2
2022-10-22,,,
2022-10-24,9,8.3,7.8
2022-10-25,6.8,4.7,6.2
2022-10-26,7.3,4.7,6.8
2022-11-01,9.2,4.7,8.9
2022-11-02,9.2,4.7,8.9
2022-11-03,8.6,4.7,8.3
2022-11-04,5.6,5.8,4.5
2022-11-05,4.1,10.4,1.5
2022-11-09,6.3,3.6,6.1
2022-11-10,8.9,5.4,8.4
2022-11-12,,,
2022-11-13,,,
2022-11-14,8.2,6.5,7.3
2022-11-15,5.2,4.7,4.4
2022-11-16,8.2,9.7,6.5
2022-11-17,7,6.1,6
2022-11-18,4.9,2.5,5.2
2022-11-19,6.8,4,6.5
2022-11-20,,,
2022-11-21,9.4,3.6,9.6
2022-11-22,,,
2022-11-23,8.1,3.2,8.3
2022-11-24,6.6,6.8,5.3
2022-11-25,6.3,5.8,5.3
2022-11-26,6.2,10.1,4.1
2022-11-27,3.7,9.7,1.2
2022-11-28,,,
2022-11-29,4.6,19.4,0.6
2022-11-30,-1.7,16.6,-6.8
2022-12-01,-2.4,17.3,-7.8
2022-12-02,-1.5,11.5,-5.5
2022-12-03,1.4,4.7,0.1
2022-12-04,-0.9,12.2,-4.9
2022-12-05,-1,19.1,-6.4
2022-12-06,-1.6,6.8,-4.2
2022-12-07,2.7,5.4,1.3
2022-12-08,0.7,4.3,-0.5
2022-12-09,2.9,3.6,2.4
2022-12-10,2.3,12.2,-1.1
2022-12-11,2.9,10.1,0.1
2022-12-12,-0.4,5.8,-2.4
2022-12-13,0.9,16.9,-3.6
2022-12-14,-4.3,15.8,-9.9
2022-12-15,-5.1,6.5,-8.1
2022-12-16,-0.9,11.2,-4.7
2022-12-17,-4.3,12.6,-9.2
2022-12-18,-6.7,12.6,-12.1
2022-12-19,-6.6,9.7,-11.1
2022-12-20,-5.1,3.2,-6.2
2022-12-21,1.8,8.3,-0.7
2022-12-22,-4.3,13.3,-9.3
2022-12-23,-4.7,10.1,-9
2022-12-24,-6.9,9.4,-11.4
2022-12-25,-7.7,5.4,-10.6
2022-12-26,-3.7,5,-5.8
2022-12-27,-4,5,-6.1
2022-12-28,-2.2,5.4,-4.3
2022-12-29,-3.7,6.1,-6.3
2022-12-30,0.6,4.7,-0.8
2022-12-31,-0.7,5,-2.4
2023-01-01,-0.7,6.5,-3
2023-01-02,-2.1,9.4,-5.6
2023-01-03,-3.2,7.6,-6.4
2023-01-04,-3.2,11.2,-7.5
2023-01-06,4.9,7.9,3
2023-01-07,3.2,5,2
2023-01-08,-2.1,4.7,-3.8
2023-01-09,0.7,7.6,-1.8
2023-01-10,-1.4,5.4,-3.4
2023-01-11,6.9,5,6.2
2023-01-12,7.2,4.7,6.7
2023-01-14,5.5,7.6,3.8
2023-01-15,-0.2,11.9,-4
2023-01-16,-3.2,7.9,-6.5
2023-01-17,-4.2,12.6,-9
2023-01-18,2.9,5.8,1.4
2023-01-19,0.1,6.1,-1.9
2023-01-20,-2.4,9.4,-6
2023-01-21,-5.2,10.8,-9.8
2023-01-22,-1.4,8.3,-4.5
2023-01-23,-0.3,8.6,-3.3
2023-01-24,-9.3,18,-16.6
2023-01-25,-13.4,14.8,-20.9
2023-01-26,-7.2,5,-9.8
2023-01-27,-4.2,9,-8
2023-01-28,-7.2,9.4,-11.7
2023-01-29,2.9,8.6,0.5
2023-01-30,-1.3,4.7,-2.9
2023-01-31,-2.8,4.7,-4.6
2023-02-01,-0.4,10.8,-4
2023-02-02,-2.3,11.9,-6.6
2023-02-03,-1.2,8.3,-4.2
2023-02-04,-2.2,6.8,-4.9
2023-02-05,-1.2,4.7,-2.8
2023-02-06,4.4,5.8,3.1
2023-02-07,0.7,4.7,-0.7
2023-02-08,2.5,7.6,0.3
2023-02-09,0.8,9.4,-2.2
2023-02-10,1.6,10.8,-1.6
2023-02-11,0.6,12.6,-3.2
2023-02-12,0.5,6.5,-1.6
2023-02-13,4.9,7.2,3.2
2023-02-14,-0.9,6.5,-3.3
2023-02-15,3.8,5.4,2.6
2023-02-16,3.1,4.7,2.1
2023-02-17,0.7,6.8,-1.5
2023-02-18,6.2,4.7,5.6
2023-02-19,0.3,7.9,-2.4
2023-02-20,-1.2,11.5,-5.1
2023-02-21,-4.5,7.6,-7.9
2023-02-22,2.8,6.8,0.9
2023-02-23,0.5,9.4,-2.6
2023-02-24,1.7,6.8,-0.4
2023-02-25,0.2,7.6,-2.4
2023-02-26,-2.7,7.6,-5.8
2023-02-27,4.8,5,3.9
2023-02-28,8.8,5.4,8.3
2023-03-01,4.4,5.4,3.2
2023-03-02,-0.3,8.3,-3.2
2023-03-03,-2.1,5.8,-4.4
2023-03-04,3.7,5.4,2.4
2023-03-06,9.9,5,9.6
2023-03-07,5.7,4.7,5
2023-03-12,3,11.5,-0.1
2023-03-13,1.9,11.5,-1.4
2023-03-14,9.9,6.1,9.3
2023-03-15,8,6.1,7.1
2023-03-16,3.8,17.3,-0.1
2023-03-17,5.5,11.2,3
2023-03-18,7,8.6,5.3
2023-03-19,4.7,7.2,3
2023-03-20,5.8,4.7,5.1
2023-03-21,9.8,5.4,9.4
2023-03-23,9.9,5.8,9.4
2023-03-24,8.6,7.6,7.5
2023-03-25,7.9,5,7.4
2023-03-26,5.8,7.2,4.3
2023-03-27,2.5,8.3,0.1
2023-03-28,4,6.8,2.3
2023-03-30,9.9,5.4,9.5
2023-04-05,9.6,12.6,7.7
2023-04-06,8.6,10.1,6.9
2023-04-07,5.7,11.2,3.3
2023-04-08,2.9,5.4,1.5
2023-04-12,8.2,9.4,6.6
2023-04-13,5.5,3.6,5.3
2023-04-15,10,5,9.8
2023-04-16,9.6,10.8,8
2023-04-25,9.8,10.4,8.3
2023-04-26,5.9,5.8,4.8
2023-04-27,5.8,5,5
2023-04-29,10,7.6,9.1
2023-04-30,9.8,5.8,9.3
2023-10-01,,,
2023-10-02,,,
2023-10-03,,,
2023-10-04,,,
2023-10-05,,,
2023-10-06,,,
2023-10-07,,,
2023-10-08,,,
2023-10-09,,,
2023-10-10,,,
2023-10-11,,,
2023-10-12,,,
2023-10-13,,,
2023-10-14,,,
2023-10-15,,,
2023-10-16,,,
2023-10-17,9.6,1.4,11.1
2023-10-18,9.5,4.7,9.3
2023-10-19,,,
2023-10-20,,,
2023-10-21,8.9,5.4,8.4
2023-10-22,8,2.5,8.6
2023-10-23,,,
2023-10-24,9.7,3.2,10.1
2023-10-25,,,
2023-10-26,,,
2023-10-27,,,
2023-10-28,9.5,3.6,9.7
2023-10-29,,,
2023-10-30,,,
2023-10-31,9.9,3.6,10.1
2023-11-01,,,
2023-11-02,,,
2023-11-03,,,
2023-11-04,,,
2023-11-05,,,
2023-11-06,,,
2023-11-07,7.3,6.8,6.1
2023-11-08,3.7,4,3.1
2023-11-09,9,2.9,9.5
2023-11-10,3.3,9.7,0.7
2023-11-11,2.2,13.7,-1.5
2023-11-12,4.1,11.2,1.3
2023-11-13,2.5,12.6,-0.9
2023-11-14,4.1,4.7,3.2
2023-11-15,4.5,2.5,4.8
2023-11-16,5.8,5.8,4.7
2023-11-17,0.7,5.8,-1.1
2023-11-18,0.3,13.7,-3.8
2023-11-19,3.3,2.9,3.2
2023-11-20,4.9,10.1,2.5
2023-11-21,2.5,2.9,2.4
2023-11-22,4.2,2.9,4.2
2023-11-23,7.2,9.7,5.3
2023-11-24,1.1,10.4,-2.1
2023-11-25,-1.4,13.7,-5.9
2023-11-26,-0.5,5,-2.2
2023-11-27,6.5,3.2,6.6
2023-11-28,3.6,3.6,3.2
2023-11-29,2.5,3.2,2.2
2023-11-30,-0.3,11.9,-4.1
2023-12-01,-1,6.5,-3.4
2023-12-02,0,4,-1.1
2023-12-03,3.1,8.6,0.7
2023-12-04,-0.8,4.7,-2.3
2023-12-05,1.9,2.9,1.7
2023-12-06,4.7,4.3,4
2023-12-07,5.9,5.4,5
2023-12-08,6.8,5,6.1
2023-12-09,,,
2023-12-10,,,
2023-12-11,,,
2023-12-12,8.5,8.6,7.1
2023-12-13,7,7.2,5.7
2023-12-14,,,
2023-12-15,6.8,7.2,5.5
2023-12-16,-2.3,9.7,-6
2023-12-17,-6,11.2,-10.8
2023-12-18,-6.1,13,-11.5
2023-12-19,-1.7,10.4,-5.5
2023-12-20,-6.5,7.6,-10.2
2023-12-21,-7.3,14.8,-13.4
2023-12-22,-9.6,12.6,-15.6
2023-12-23,-6.7,12.2,-12
2023-12-24,-0.3,5,-1.9
2023-12-25,-1.1,4,-2.3
2023-12-26,-0.4,5.4,-2.2
2023-12-27,1.2,4,0.3
2023-12-28,0.1,4.3,-1.1
2023-12-29,-0.6,5,-2.3
2023-12-30,-0.4,4.7,-1.9
2023-12-31,5,8.3,3.1
2024-01-01,1.3,2.9,1.1
2024-01-02,4.4,5,3.4
2024-01-03,3.8,7.2,2
2024-01-04,-0.6,4,-1.7
2024-01-05,1.5,2.9,1.3
2024-01-06,1.6,5.8,-0.1
2024-01-07,-0.6,12.6,-4.7
2024-01-08,-4.7,7.2,-7.9
2024-01-09,-1.7,5,-3.5
2024-01-10,-0.6,6.5,-2.9
2024-01-11,-2.6,4.7,-4.4
2024-01-12,2.1,5,0.8
2024-01-13,-0.5,6.1,-2.6
2024-01-14,-0.3,2.9,-0.7
2024-01-15,-2.6,9,-6.1
2024-01-16,-3.2,11.9,-7.7
2024-01-17,3.1,4.3,2.2
2024-01-18,7.6,6.8,6.5
2024-01-19,5.9,15.1,2.8
2024-01-20,4.9,20.9,0.8
2024-01-21,2.1,8.3,-0.4
2024-01-22,-4.7,10.1,-9
2024-01-23,-5.9,9.4,-10.2
2024-01-24,-6.3,10.4,-11
2024-01-25,-5.5,9,-9.6
2024-01-26,-3.1,7.6,-6.2
2024-01-27,0.3,5.4,-1.4
2024-01-28,-1.1,10.8,-4.8
2024-01-29,-0.5,9,-3.6
2024-01-30,-1.6,5.8,-3.8
2024-01-31,3.9,13,0.7
2024-02-01,5.3,10.4,2.9
2024-02-02,3.6,6.1,2.1
2024-02-03,2.8,4.7,1.7
2024-02-04,4.4,9.7,2
2024-02-05,5,20.2,1
2024-02-06,3.7,10.1,1.1
2024-02-07,0.6,7.2,-1.8
2024-02-08,-2.2,4,-3.5
2024-02-09,-1,6.1,-3.2
2024-02-10,-1.2,4.3,-2.6
2024-02-11,-1,2.9,-1.5
2024-02-12,-0.7,4.3,-2
2024-02-13,4.1,4.7,3.2
2024-02-14,,,
2024-02-15,0.5,7.2,-1.9
2024-02-16,-1.2,6.1,-3.4
2024-02-17,0.6,1.8,1.3
2024-02-18,4.7,6.8,3.1
2024-02-19,6.1,7.6,4.5
2024-02-20,5.2,11.9,2.5
2024-02-21,5.2,10.4,2.8
2024-02-22,4.6,13,1.6
2024-02-23,3.5,13.7,0.1
2024-02-24,1.9,9.7,-1
2024-02-25,1.7,9,-1
2024-02-26,0.6,4.7,-0.8
2024-02-27,2.4,7.9,0.1
2024-02-28,1.7,6.5,-0.3
2024-02-29,4.3,5.4,3.1
2024-03-01,-3.6,9.4,-7.4
2024-03-02,-5.1,9.7,-9.3
2024-03-03,1.9,5.4,0.4
2024-03-04,3.3,3.6,2.8
2024-03-05,5.2,19.1,1.4
